- model: scheduler.shiftconfig
  pk: 1
  fields:
    created: 2016-01-15 23:36:05+00:00
    modified: 2016-01-15 23:36:05+00:00
    start: 00:00:00
    duration: 8
    number: 3
    names: AM, DAY, PM
- model: scheduler.shiftconfig
  pk: 2
  fields:
    created: 2016-12-16 15:14:50.219089+00:00
    modified: 2016-12-20 20:55:22.564199+00:00
    start: 00:00:00
    duration: 4
    number: 6
    names: 00, 04,08,12,16,20
- model: scheduler.shiftconfig
  pk: 3
  fields:
    created: 2016-12-20 20:57:28.436869+00:00
    modified: 2016-12-20 20:59:23.978281+00:00
    start: 08:00:00
    duration: 16
    number: 1
    names: DAY
